Date,Open,High,Low,Close,Volume,Adj Close
2013-06-13,17.5,17.52,16.9,17.360001,46263100,16.501120999999998
2013-06-14,17.450001,17.549999,17.200001,17.52,9049500,16.653204000000002
2013-06-17,17.610001,17.65,17.309998999999998,17.389999,5489500,16.529635
2013-06-18,17.389999,17.42,17.16,17.299999,6717200,16.444088
2013-06-19,17.25,17.35,16.4,17.190001000000002,7128600,16.339531
2013-06-20,16.799999,16.85,16.309998999999998,16.75,2785200,15.9213
2013-06-21,16.75,17.07,16.5,16.99,2542800,16.149425
2013-06-24,16.799999,16.82,16.459999,16.610001,1206100,15.788227
2013-06-25,16.700001,16.879998999999998,16.549999,16.75,1074800,15.9213
2013-06-26,16.799999,17.139999,16.799999,17.02,3420800,16.177942
2013-06-27,17.07,17.24,16.969998999999998,17.24,1773800,16.387057000000002
2013-06-28,17.200001,17.23,16.91,17.18,1904600,16.330026
2013-07-01,17.18,17.25,17.07,17.18,1188800,16.330026
2013-07-02,17.18,17.35,17.1,17.26,665300,16.406067999999998
2013-07-03,17.200001,17.280001000000002,17.139999,17.25,332000,16.396562
2013-07-05,17.299999,17.309998999999998,17.190001000000002,17.26,573400,16.406067999999998
2013-07-08,17.34,17.34,17.02,17.27,855900,16.415573000000002
2013-07-09,17.25,17.4,17.24,17.379998999999998,521300,16.520129999999998
2013-07-10,17.4,17.48,17.299999,17.389999,524300,16.529635
2013-07-11,17.450001,17.49,17.26,17.450001,990200,16.586668
2013-07-12,17.4,17.52,17.35,17.5,1258600,16.634194
2013-07-15,17.5,17.549999,17.120001000000002,17.18,242900,16.330026
2013-07-16,17.290001,17.34,17.200001,17.32,507600,16.463099
2013-07-17,17.129998999999998,17.4,17.049999,17.299999,995700,16.444088
2013-07-18,17.35,17.43,17.110001,17.15,682700,16.301509
2013-07-19,17.15,17.27,17.049999,17.08,599500,16.234973
2013-07-22,17.08,17.08,16.93,16.950001,462000,16.111404999999998
2013-07-23,17.15,17.219998999999998,16.85,17.059998999999998,1619500,16.215962
2013-07-24,17.18,17.219998999999998,16.92,17.129998999999998,373600,16.282498
2013-07-25,17.059998999999998,17.4,16.969998999999998,17.35,743800,16.491615
2013-07-26,17.32,17.34,17.0,17.110001,311800,16.263489
2013-07-29,17.049999,17.26,16.91,17.219998999999998,400800,16.368046
2013-07-30,17.25,17.290001,17.01,17.129998999999998,531000,16.282498
2013-07-31,17.15,17.299999,17.02,17.190001000000002,291100,16.339531
2013-08-01,17.27,17.389999,17.120001000000002,17.27,577100,16.415573000000002
2013-08-02,17.34,17.360001,17.07,17.26,344100,16.406067999999998
2013-08-05,17.25,17.540001,17.17,17.48,1976900,16.615183
2013-08-06,17.459999,17.74,17.280001000000002,17.51,1702000,16.643698999999998
2013-08-07,17.5,17.5,17.1,17.280001000000002,801000,16.425079
2013-08-08,17.280001000000002,17.360001,16.65,16.809998999999998,1275600,15.978330999999999
2013-08-09,16.77,17.110001,16.700001,16.940001000000002,381300,16.1019
2013-08-12,16.85,17.049999,16.85,16.959999,276200,16.120909
2013-08-13,16.93,17.07,16.549999,16.59,508200,15.769216
2013-08-14,16.620001000000002,16.76,16.33,16.76,742500,15.930805
2013-08-15,16.709999,17.07,16.450001,16.99,611000,16.149425
2013-08-16,16.9,17.0,16.74,16.889999,238800,16.054372
2013-08-19,16.92,17.0,16.860001,16.99,109800,16.149425
2013-08-20,16.98,17.02,16.9,16.99,226400,16.149425
2013-08-21,17.02,17.08,16.82,16.84,237700,16.006847
2013-08-22,16.879998999999998,16.959999,16.709999,16.780001000000002,253500,15.949816
2013-08-23,16.799999,16.860001,16.5,16.58,228100,15.75971
2013-08-26,16.57,16.700001,16.5,16.530001000000002,154200,15.712185
2013-08-27,16.43,16.51,15.79,15.91,518200,15.122857999999999
2013-08-28,15.96,15.96,15.31,15.63,651300,14.856710999999999
2013-08-29,15.6,16.01,15.47,16.01,571100,15.217910999999999
2013-08-30,15.97,16.35,15.85,16.299999,422000,15.493561999999999
2013-09-03,16.299999,16.360001,16.059998999999998,16.139999,268300,15.341478
2013-09-04,16.15,16.23,16.02,16.209999,228400,15.408014999999999
2013-09-05,16.15,16.200001,15.92,16.01,1042900,15.217910999999999
2013-09-06,15.98,16.129998999999998,15.73,15.8,286000,15.018301000000001
2013-09-09,15.75,15.81,15.43,15.56,491600,14.790175
2013-09-10,15.62,15.65,15.36,15.44,907300,14.676110999999999
2013-09-11,15.39,15.5,15.28,15.43,669500,14.666606
2013-09-12,15.45,15.49,15.35,15.41,691600,14.647595
2013-09-13,15.48,15.92,15.47,15.87,1190900,15.084837
2013-09-16,15.94,16.34,15.82,16.25,1171500,15.446036999999999
2013-09-17,16.25,16.48,14.99,15.64,4292800,14.866217
2013-09-18,15.21,15.59,15.21,15.56,2002900,14.790175
2013-09-19,15.56,15.81,15.36,15.74,2296600,14.961269
2013-09-20,15.68,15.85,15.46,15.85,968600,15.065826999999999
2013-09-23,15.75,15.95,15.51,15.73,1582200,14.951763
2013-09-24,15.64,15.75,14.46,15.64,2822600,14.866217
2013-09-25,15.65,15.77,15.37,15.51,267200,14.742648
2013-09-26,15.44,15.85,15.39,15.62,463000,14.847206
2013-09-27,15.55,15.99,15.39,15.98,864700,15.189395000000001
2013-09-30,15.89,16.450001,15.82,16.209999,4901000,15.408014999999999
2013-10-01,16.299999,16.379998999999998,15.82,16.030001000000002,1016500,15.236922
2013-10-02,16.51,16.51,15.92,16.059998999999998,963800,15.265437
2013-10-03,16.200001,16.200001,15.9,16.02,1609800,15.227416
2013-10-04,16.1,16.120001000000002,15.92,16.0,604900,15.208404999999999
2013-10-07,16.01,16.049999,15.67,16.0,1069900,15.208404999999999
2013-10-08,15.91,16.049999,15.86,15.92,1009400,15.132364
2013-10-09,15.65,15.83,15.35,15.8,479300,15.209373000000001
2013-10-10,15.89,16.15,15.86,15.99,835400,15.392270000000002
2013-10-11,16.030001000000002,16.450001,16.030001000000002,16.360001,2727100,15.748439999999999
2013-10-14,16.309998999999998,16.52,16.139999,16.299999,543200,15.690681
2013-10-15,16.17,16.389999,15.93,16.0,1126900,15.401895999999999
2013-10-16,16.0,16.27,15.97,16.16,829700,15.555914999999999
2013-10-17,16.139999,16.200001,16.0,16.15,326400,15.546289000000002
2013-10-18,16.290001,16.41,16.110001,16.290001,593000,15.681057000000001
2013-10-21,16.32,16.5,16.15,16.309998999999998,520500,15.700307999999998
2013-10-22,16.290001,16.530001000000002,16.059998999999998,16.09,644400,15.488532000000001
2013-10-23,16.110001,16.26,15.98,16.110001,320100,15.507785
2013-10-24,16.07,16.24,15.63,15.96,735700,15.363392000000001
2013-10-25,15.9,16.0,15.65,15.95,889700,15.353765
2013-10-28,15.9,16.0,15.52,15.85,1631100,15.257504
2013-10-29,15.84,15.96,15.67,15.72,646400,15.132364
2013-10-30,15.8,15.92,15.68,15.75,776400,15.161242000000001
2013-10-31,15.75,15.88,15.13,15.38,994600,14.805073000000002
2013-11-01,15.35,15.56,15.15,15.51,509200,14.930214000000001
2013-11-04,15.49,15.69,15.24,15.41,926500,14.833951
2013-11-05,15.35,15.44,15.04,15.28,746300,14.708810999999999
2013-11-06,15.38,15.48,15.21,15.4,1167500,14.824325
2013-11-07,15.37,16.200001,14.63,15.11,2337300,14.545166
2013-11-08,15.06,15.22,14.81,14.99,1731400,14.429651999999999
2013-11-11,15.03,15.26,14.95,15.22,575000,14.651054
2013-11-12,15.26,15.28,15.0,15.26,582000,14.689559
2013-11-13,15.21,15.48,15.06,15.44,665200,14.862829999999999
2013-11-14,15.47,15.65,15.26,15.63,629700,15.045728
2013-11-15,15.5,15.98,15.36,15.73,2026200,15.141989
2013-11-18,15.71,15.84,15.44,15.49,1511600,14.910960999999999
2013-11-19,15.41,15.66,15.41,15.54,463500,14.959092000000002
2013-11-20,15.65,15.88,15.3,15.41,763300,14.833951
2013-11-21,15.45,16.129998999999998,15.41,15.9,654300,15.305634
2013-11-22,15.95,16.120001000000002,15.79,16.09,510200,15.488532000000001
2013-11-25,16.110001,16.25,16.059998999999998,16.190001000000002,312700,15.584795000000002
2013-11-26,16.25,16.389999,16.1,16.190001000000002,463400,15.584795000000002
2013-11-27,16.24,16.629998999999998,16.23,16.52,420500,15.902459
2013-11-29,16.209999,16.68,16.200001,16.42,459800,15.806196
2013-12-02,16.379998999999998,16.48,16.049999,16.120001000000002,516700,15.517412
2013-12-03,16.040001,16.370001000000002,15.88,16.200001,672200,15.594420999999999
2013-12-04,16.209999,16.209999,15.84,16.059998999999998,312100,15.459653
2013-12-05,16.0,16.110001,16.0,16.049999,211100,15.450026999999999
2013-12-06,16.110001,16.110001,15.39,15.57,842200,14.98797
2013-12-09,15.6,15.73,15.33,15.69,576700,15.103484
2013-12-10,15.66,15.7,15.38,15.53,659300,14.949466000000001
2013-12-11,15.5,15.73,15.42,15.55,652000,14.968717999999999
2013-12-12,15.47,15.65,15.46,15.63,342600,15.045728
2013-12-13,15.15,15.26,14.81,15.25,1607400,14.679932999999998
2013-12-16,15.3,15.37,15.01,15.17,1235700,14.602923
2013-12-17,15.14,15.27,15.04,15.06,419700,14.497035
2013-12-18,15.05,15.16,14.99,15.09,425900,14.525914000000002
2013-12-19,15.05,15.2,15.0,15.18,366500,14.61255
2013-12-20,15.15,15.24,14.95,15.11,725700,14.545166
2013-12-23,15.21,15.24,14.8,15.06,1639100,14.497035
2013-12-24,14.99,15.25,14.97,15.02,307400,14.458530999999999
2013-12-26,15.08,15.21,14.97,14.99,280100,14.429651999999999
2013-12-27,15.2,15.57,15.1,15.49,1029000,14.910960999999999
2013-12-30,15.42,15.51,15.13,15.41,568900,14.833951
2013-12-31,15.42,15.59,15.25,15.25,481800,14.679932999999998
2014-01-02,15.27,15.62,15.16,15.57,783800,14.98797
2014-01-03,15.54,15.78,15.51,15.58,465100,14.997597
2014-01-06,15.68,15.69,15.05,15.2,839300,14.631801000000001
2014-01-07,15.06,15.34,14.94,15.19,498700,14.622175
2014-01-08,15.11,15.25,14.86,15.1,694500,14.53554
2014-01-09,15.18,15.3,14.99,15.16,573100,14.593297
2014-01-10,15.17,15.2,14.98,15.16,259400,14.593297
2014-01-13,15.07,15.23,14.97,15.03,457400,14.468156
2014-01-14,15.1,15.23,15.0,15.14,353900,14.574045000000002
2014-01-15,15.07,15.35,15.01,15.3,435000,14.728064000000002
2014-01-16,15.22,15.56,15.13,15.43,672700,14.853204000000002
2014-01-17,14.92,14.97,14.6,14.71,1497800,14.160119
2014-01-21,14.67,14.74,14.28,14.41,1237500,13.871332999999998
2014-01-22,14.24,14.47,14.02,14.42,1114700,13.880958999999999
2014-01-23,14.2,14.53,13.67,14.47,1579000,13.929089999999999
2014-01-24,14.43,14.49,13.6,13.91,1269800,13.390023999999999
2014-01-27,13.85,14.36,13.48,13.58,1417200,13.07236
2014-01-28,13.77,14.01,13.59,13.89,1122900,13.370772
2014-01-29,13.71,13.79,13.4,13.41,1053000,12.908714
2014-01-30,13.41,13.74,13.38,13.5,628600,12.99535
2014-01-31,13.42,13.67,13.35,13.49,803300,12.985724000000001
2014-02-03,13.45,13.83,13.13,13.29,1217800,12.7932
2014-02-04,14.3,14.44,12.96,13.42,1906900,12.918341
2014-02-05,13.44,13.44,12.83,13.36,1112100,12.860583
2014-02-06,13.72,13.77,13.32,13.51,849800,13.004977
2014-02-07,13.53,13.63,13.19,13.25,539300,12.754696000000001
2014-02-10,13.21,13.36,13.15,13.25,478100,12.754696000000001
2014-02-11,13.28,13.31,13.16,13.25,620000,12.754696000000001
2014-02-12,13.24,13.5,13.12,13.42,557400,12.918341
2014-02-13,13.41,13.77,13.31,13.72,665300,13.207126
2014-02-14,14.03,15.5,14.03,14.74,2969600,14.188997
2014-02-18,14.74,14.83,14.1,14.19,1338300,13.659557000000001
2014-02-19,14.1,14.28,13.98,14.11,643600,13.582547
2014-02-20,14.47,14.89,14.23,14.55,1206900,14.0061
2014-02-21,14.54,14.8,14.39,14.47,618300,13.929089999999999
2014-02-24,14.5,14.95,14.49,14.69,999800,14.140866
2014-02-25,14.76,15.04,14.73,14.83,1135000,14.275633
2014-02-26,14.81,15.48,14.74,14.8,4069400,14.246754000000001
2014-02-27,14.73,15.25,14.6,14.71,962000,14.160119
2014-02-28,14.71,15.0,14.62,14.85,772100,14.294885999999998
2014-03-03,14.8,15.12,14.76,14.91,644300,14.352642000000001
2014-03-04,14.98,15.26,14.96,15.07,621500,14.506661
2014-03-05,15.1,15.27,14.88,15.01,722700,14.448904
2014-03-06,15.0,15.19,14.94,15.08,849000,14.516287
2014-03-07,15.0,15.8,14.98,15.62,2312200,15.036101
2014-03-10,15.6,15.92,15.3,15.85,1266200,15.257504
2014-03-11,15.78,15.8,15.11,15.21,1291900,14.641428
2014-03-12,15.2,15.68,15.12,15.45,1567500,14.872456
2014-03-13,15.52,15.59,15.07,15.23,771400,14.66068
2014-03-14,14.9,15.25,14.73,14.92,2607500,14.362269
2014-03-17,15.01,15.24,14.89,15.16,758300,14.593297
2014-03-18,15.14,15.26,15.08,15.21,1105200,14.641428
2014-03-19,15.16,15.27,14.97,15.06,1350100,14.497035
2014-03-20,15.0,15.1,14.9,15.04,652500,14.477782999999999
2014-03-21,15.04,15.24,15.0,15.17,1229000,14.602923
2014-03-24,15.01,15.24,14.99,15.09,606200,14.525914000000002
2014-03-25,15.1,15.2,14.89,15.03,747500,14.468156
2014-03-26,15.0,15.07,14.8,14.9,904000,14.343016
2014-03-27,14.84,15.01,14.77,14.93,540800,14.371895
2014-03-28,14.95,15.05,14.89,14.99,693900,14.429651999999999
2014-03-31,15.02,15.02,14.86,14.98,1327300,14.420025
2014-04-01,14.98,15.16,14.87,15.0,1405900,14.439278
2014-04-02,15.01,15.09,14.85,15.0,1917300,14.439278
2014-04-03,15.06,15.23,14.99,15.11,1751200,14.545166
2014-04-04,15.14,15.24,15.1,15.21,1867500,14.641428
2014-04-07,15.15,15.24,15.14,15.19,1052900,14.622175
2014-04-08,15.24,15.38,15.2,15.27,954100,14.699185
2014-04-09,15.23,15.35,15.23,15.32,515500,14.747316
2014-04-10,15.35,15.68,15.25,15.53,594100,14.949466000000001
2014-04-11,15.51,15.58,15.16,15.38,740200,14.805073000000002
2014-04-14,15.49,15.74,15.39,15.59,968800,15.007223000000002
2014-04-15,15.74,15.78,15.5,15.61,1233800,15.026475
2014-04-16,15.72,15.78,15.54,15.75,822300,15.161242000000001
2014-04-17,15.78,15.81,15.51,15.75,429400,15.161242000000001
2014-04-21,15.72,15.79,15.58,15.66,301200,15.074606
2014-04-22,15.65,15.76,15.57,15.65,546700,15.064979999999998
2014-04-23,15.71,15.83,15.61,15.76,732000,15.170867999999999
2014-04-24,15.78,15.8,15.58,15.63,435300,15.045728
2014-04-25,15.5,15.7,15.49,15.63,765300,15.045728
2014-04-28,15.64,16.110001,15.61,15.92,1241800,15.324887
2014-04-29,15.92,16.16,15.89,15.89,684400,15.296009
2014-04-30,15.92,16.059998999999998,15.85,16.049999,896200,15.450026999999999
2014-05-01,15.99,16.18,15.82,16.040001,752500,15.440401999999999
2014-05-02,16.07,16.389999,15.99,16.360001,455000,15.748439999999999
2014-05-05,16.35,16.35,16.01,16.15,403100,15.546289000000002
2014-05-06,16.0,16.0,15.78,15.83,398200,15.238251000000002
2014-05-07,15.82,15.94,15.69,15.88,525600,15.286382000000001
2014-05-08,15.82,16.07,15.64,15.75,668000,15.161242000000001
2014-05-09,15.78,15.95,15.69,15.71,662700,15.122736999999999
2014-05-12,15.78,16.030001000000002,15.77,15.84,1546200,15.247878
2014-05-13,15.59,15.59,15.23,15.44,2401400,14.862829999999999
2014-05-14,16.43,16.5,15.75,15.77,2258200,15.180495
2014-05-15,16.09,16.23,15.78,15.97,1220800,15.373018
2014-05-16,15.94,16.129998999999998,15.76,16.08,1945800,15.478906
2014-05-19,16.0,16.209999,15.9,16.200001,744600,15.594420999999999
2014-05-20,16.120001000000002,16.23,16.059998999999998,16.200001,519200,15.594420999999999
2014-05-21,16.25,16.299999,16.07,16.17,530500,15.565542
2014-05-22,16.200001,16.48,16.1,16.43,745600,15.815823000000002
2014-05-23,16.290001,16.440001000000002,16.280001000000002,16.379998999999998,420500,15.767691000000001
2014-05-27,16.35,16.610001,16.280001000000002,16.58,718800,15.960215
2014-05-28,16.58,16.65,16.49,16.540001,468000,15.921710999999998
2014-05-29,16.57,16.620001000000002,16.49,16.51,382100,15.892832
2014-05-30,16.42,16.709999,16.4,16.68,507700,16.056476999999997
2014-06-02,16.629998999999998,16.75,16.52,16.610001,302100,15.989094
2014-06-03,16.77,16.950001,16.559998999999998,16.91,1108100,16.277879000000002
2014-06-04,16.75,16.92,16.700001,16.92,576100,16.287506
2014-06-05,16.98,16.98,16.66,16.889999,622900,16.258626
2014-06-06,17.0,17.92,17.0,17.85,1408200,17.182741
2014-06-09,18.530001000000002,18.950001,17.6,17.799999,1417100,17.134609
2014-06-10,17.860001,17.9,17.290001,17.440001000000002,939100,16.788068
2014-06-11,16.57,17.360001,16.559998999999998,17.219998999999998,821300,16.57629
2014-06-12,17.17,17.299999,16.99,17.110001,634000,16.470404000000002
2014-06-13,17.059998999999998,17.290001,16.889999,17.110001,909900,16.470404000000002
2014-06-16,17.18,17.18,16.92,16.969998999999998,674600,16.335635999999997
2014-06-17,16.950001,17.059998999999998,16.860001,17.059998999999998,674500,16.422272
2014-06-18,17.049999,17.15,16.969998999999998,17.120001000000002,345400,16.48003
2014-06-19,17.219998999999998,17.379998999999998,17.120001000000002,17.370001000000002,436800,16.720685
2014-06-20,17.299999,17.309998999999998,16.91,16.93,963200,16.297132
2014-06-23,16.610001,17.02,16.610001,16.959999,845000,16.326009
2014-06-24,17.02,17.08,16.67,16.75,707400,16.12386
2014-06-25,17.02,17.02,16.67,16.809998999999998,537300,16.181617000000003
2014-06-26,16.799999,16.91,16.629998999999998,16.82,399300,16.191243
2014-06-27,16.780001000000002,16.889999,16.51,16.84,1159200,16.210496
2014-06-30,16.93,17.18,16.76,17.129998999999998,753600,16.489655
2014-07-01,17.24,17.530001000000002,17.219998999999998,17.49,1108100,16.836198
2014-07-02,17.49,17.940001000000002,17.469998999999998,17.799999,900700,17.134609
2014-07-03,17.790001,18.15,17.690001000000002,18.15,857500,17.471526
2014-07-07,18.059998999999998,18.059998999999998,17.860001,18.0,426200,17.327134
2014-07-08,17.950001,18.1,17.809998999999998,17.959999,972600,17.288628
2014-07-09,17.889999,17.93,17.559998999999998,17.92,1060400,17.250124
2014-07-10,17.83,17.93,17.66,17.82,1545200,17.153862
2014-07-11,17.82,17.82,17.469998999999998,17.49,464200,16.836198
2014-07-14,17.58,17.58,17.17,17.190001000000002,1665500,16.547413
2014-07-15,17.209999,17.540001,17.209999,17.52,481300,16.865077
2014-07-16,17.629998999999998,17.75,17.389999,17.389999,324000,16.739936
2014-07-17,17.360001,17.48,17.110001,17.309998999999998,303500,16.662926000000002
2014-07-18,17.35,17.43,17.190001000000002,17.32,327800,16.672553
2014-07-21,17.27,17.27,16.98,17.18,339700,16.537786999999998
2014-07-22,17.23,17.32,16.950001,17.309998999999998,484500,16.662926000000002
2014-07-23,17.35,17.43,17.15,17.280001000000002,229300,16.634048999999997
2014-07-24,17.309998999999998,17.32,17.0,17.110001,200000,16.470404000000002
2014-07-25,17.120001000000002,17.190001000000002,17.0,17.129998999999998,209900,16.489655
2014-07-28,17.16,17.16,16.98,17.0,386100,16.364515
2014-07-29,17.0,17.049999,16.940001000000002,17.0,666500,16.364515
2014-07-30,17.059998999999998,17.139999,16.940001000000002,17.01,306200,16.374141
2014-07-31,16.93,17.219998999999998,16.860001,17.110001,628600,16.470404000000002
2014-08-01,17.1,17.23,16.75,16.98,485500,16.345261999999998
2014-08-04,17.02,17.299999,16.93,17.209999,341200,16.566664000000003
2014-08-05,17.190001000000002,17.360001,17.09,17.309998999999998,422400,16.662926000000002
2014-08-06,17.27,17.5,17.27,17.440001000000002,336600,16.788068
2014-08-07,17.43,17.49,17.0,17.049999,637800,16.412645
2014-08-08,17.02,17.360001,16.93,17.33,484400,16.682179
2014-08-11,17.360001,17.68,17.309998999999998,17.620001000000002,388800,16.961339000000002
2014-08-12,17.59,17.68,17.459999,17.57,334500,16.913207
2014-08-13,17.58,17.709999,17.48,17.559998999999998,205900,16.903581
2014-08-14,17.58,17.870001000000002,17.48,17.620001000000002,474600,16.961339000000002
2014-08-15,17.610001,17.85,17.6,17.85,377800,17.182741
2014-08-18,17.82,17.969998999999998,17.719998999999998,17.92,399800,17.250124
2014-08-19,17.84,18.25,17.84,18.01,423800,17.33676
2014-08-20,18.0,18.16,17.780001000000002,17.959999,350800,17.288628
2014-08-21,17.969998999999998,18.17,17.83,18.09,604000,17.413769
2014-08-22,18.09,18.450001,17.91,18.35,755600,17.66405
2014-08-25,18.360001,18.469998999999998,18.049999,18.23,448100,17.548535
2014-08-26,18.18,18.24,17.969998999999998,18.02,536300,17.346386
2014-08-27,17.98,18.18,17.879998999999998,18.01,627600,17.33676
2014-08-28,17.07,17.75,17.040001,17.389999,1479900,16.739936
2014-08-29,17.24,17.43,16.870001000000002,17.190001000000002,1106300,16.547413
2014-09-02,17.190001000000002,17.360001,17.0,17.219998999999998,2161400,16.57629
2014-09-03,17.25,17.379998999999998,17.18,17.219998999999998,512600,16.57629
2014-09-04,17.27,17.290001,17.1,17.190001000000002,326600,16.547413
2014-09-05,17.17,17.35,17.0,17.299999,674100,16.6533
2014-09-08,16.809998999999998,17.360001,16.68,17.26,1047700,16.614796
2014-09-09,17.16,17.33,17.09,17.15,924800,16.508907
2014-09-10,17.18,17.370001000000002,17.059998999999998,17.32,754500,16.672553
2014-09-11,17.26,17.559998999999998,17.120001000000002,17.559998999999998,886300,16.903581
2014-09-12,17.51,17.690001000000002,17.379998999999998,17.559998999999998,866300,16.903581
2014-09-15,17.43,17.52,17.360001,17.379998999999998,805400,16.730309
2014-09-16,17.43,17.440001000000002,17.200001,17.23,629700,16.585917000000002
2014-09-17,17.219998999999998,17.59,17.17,17.540001,765800,16.88433
2014-09-18,17.67,17.73,17.48,17.700001,463000,17.038349
2014-09-19,16.940001000000002,17.57,16.82,17.48,1713400,16.826570999999998
2014-09-22,17.51,17.6,17.25,17.33,654000,16.682179
2014-09-23,17.27,17.4,17.129998999999998,17.280001000000002,694900,16.634048999999997
2014-09-24,17.26,17.459999,17.049999,17.34,569000,16.691805
2014-09-25,17.290001,17.299999,16.91,17.0,528300,16.364515
2014-09-26,16.950001,17.190001000000002,16.84,17.120001000000002,822000,16.48003
2014-09-29,16.559998999999998,16.91,16.389999,16.74,1106900,16.30471
2014-09-30,16.690001000000002,16.790001,16.49,16.549999,1302100,16.11965
2014-10-01,16.49,16.540001,16.129998999999998,16.370001000000002,1213900,15.944332000000001
2014-10-02,16.33,16.41,15.99,16.040001,1476100,15.622913
2014-10-03,16.040001,16.23,15.88,15.96,1475700,15.544992
2014-10-06,16.049999,16.09,15.74,15.94,950500,15.525511999999999
2014-10-07,15.88,16.5,15.77,16.299999,1224500,15.87615
2014-10-08,16.629998999999998,16.780001000000002,16.26,16.42,980300,15.993031
2014-10-09,16.370001000000002,16.639999,16.200001,16.25,541500,15.827451000000002
2014-10-10,16.25,16.35,16.129998999999998,16.26,691900,15.837191
2014-10-13,16.200001,16.51,16.1,16.209999,864900,15.78849
2014-10-14,16.24,16.6,16.200001,16.41,781000,15.983291
2014-10-15,16.219998999999998,16.42,15.92,16.370001000000002,757700,15.944332000000001
2014-10-16,16.26,16.77,16.23,16.549999,734800,16.11965
2014-10-17,16.6,16.74,16.34,16.42,462700,15.993031
2014-10-20,16.389999,16.530001000000002,16.16,16.41,1000100,15.983291
2014-10-21,16.43,16.91,16.370001000000002,16.610001,630400,16.178091000000002
2014-10-22,16.59,16.799999,16.559998999999998,16.59,350400,16.15861
2014-10-23,16.709999,16.790001,16.379998999999998,16.4,506700,15.97355
2014-10-24,16.389999,16.5,16.23,16.32,407400,15.895631
2014-10-27,16.290001,16.59,16.190001000000002,16.51,489900,16.080691
2014-10-28,16.5,16.67,16.5,16.59,326100,16.15861
2014-10-29,16.549999,16.700001,16.120001000000002,16.309998999999998,1183100,15.88589
2014-10-30,16.34,16.34,16.030001000000002,16.219998999999998,693500,15.798231
2014-10-31,16.709999,16.74,16.450001,16.6,1827300,16.168351
2014-11-03,16.620001000000002,17.34,16.620001000000002,17.110001,1626500,16.665089000000002
2014-11-04,17.120001000000002,17.24,16.5,16.799999,1491700,16.363149
2014-11-05,16.870001000000002,17.4,16.709999,17.23,1840500,16.781968
2014-11-06,17.16,18.0,16.950001,17.93,1452700,17.463766
2014-11-07,17.43,18.5,17.43,18.360001,1985700,17.882585
2014-11-10,18.5,18.98,18.450001,18.82,1915800,18.330623000000003
2014-11-11,18.799999,19.07,18.57,18.700001,1184600,18.213745
2014-11-12,18.66,19.4,18.6,19.35,1310400,18.846842000000002
2014-11-13,19.370001000000002,19.6,19.33,19.450001,1261500,18.944242000000003
2014-11-14,19.4,19.559998999999998,19.01,19.15,1056500,18.652042
2014-11-17,19.15,19.370001000000002,18.959999,18.98,933100,18.486463
2014-11-18,19.0,19.379998999999998,18.969998999999998,19.129998999999998,985800,18.632562
2014-11-19,19.440001000000002,19.6,19.200001,19.440001000000002,1555000,18.934502
2014-11-20,19.309998999999998,20.0,19.309998999999998,19.75,1432900,19.236441
2014-11-21,19.889999,20.0,19.709999,19.889999,1103400,19.3728
2014-11-24,19.870001000000002,19.950001,19.65,19.84,1016300,19.324101000000002
2014-11-25,19.870001000000002,20.15,19.870001000000002,20.139999,1197500,19.616298999999998
2014-11-26,20.1,20.32,19.969998999999998,19.99,590500,19.4702
2014-11-28,20.0,20.42,19.889999,20.24,758100,19.713699
2014-12-01,20.27,20.389999,19.92,20.23,1017200,19.703959
2014-12-02,20.290001,20.41,19.99,20.09,1117200,19.5676
2014-12-03,20.07,20.209999,19.93,20.0,2143000,19.47994
2014-12-04,20.040001,20.16,19.780001000000002,19.950001,2164800,19.431241
2014-12-05,20.0,20.290001,19.99,20.200001,1026900,19.67474
2014-12-08,20.17,20.26,19.950001,19.959999,1539500,19.440979000000002
2014-12-09,19.84,20.15,19.84,19.99,639200,19.4702
2014-12-10,20.01,20.15,19.860001,19.92,1037700,19.40202
2014-12-11,20.01,20.26,19.959999,20.07,644800,19.548119
2014-12-12,19.99,20.139999,19.719998999999998,19.76,1226300,19.246181
2014-12-15,19.98,20.0,19.450001,19.459999,1782800,18.953981
2014-12-16,19.33,19.540001,19.1,19.110001,1741500,18.613083
2014-12-17,19.1,19.719998999999998,19.1,19.639999,1162700,19.1293
2014-12-18,19.780001000000002,20.059998999999998,19.73,20.040001,1425800,19.518901
2014-12-19,20.110001,20.26,19.83,20.049999,1214400,19.528639000000002
2014-12-22,20.040001,20.209999,19.950001,20.059998999999998,562400,19.538379
2014-12-23,20.08,20.41,20.08,20.27,649200,19.74292
2014-12-24,20.290001,20.780001000000002,20.290001,20.67,480900,20.132518
2014-12-26,20.75,20.969998999999998,20.73,20.879998999999998,480500,20.337056
2014-12-29,20.860001,20.98,20.49,20.879998999999998,504100,20.337056
2014-12-30,20.84,21.0,20.809998999999998,20.84,482400,20.298098
2014-12-31,20.889999,20.99,20.66,20.66,373900,20.122778
2015-01-02,20.76,21.059998999999998,20.360001,20.43,686000,19.898759
2015-01-05,20.4,20.66,20.27,20.370001000000002,735600,19.840320000000002
2015-01-06,20.4,20.459999,20.1,20.219998999999998,1878300,19.694219
2015-01-07,20.27,20.469998999999998,20.15,20.290001,1191300,19.7624
2015-01-08,20.33,20.66,20.18,20.459999,679200,19.927978
2015-01-09,20.459999,20.5,19.76,19.860001,1098100,19.343581
2015-01-12,19.889999,19.940001000000002,19.120001000000002,19.32,1250300,18.817622
2015-01-13,19.440001000000002,19.549999,18.74,19.02,1896900,18.525423
2015-01-14,18.790001,18.98,18.58,18.91,1087900,18.418283
2015-01-15,18.91,19.139999,18.809998999999998,18.93,807300,18.437763
2015-01-16,18.950001,19.059998999999998,18.540001,18.709999,1002300,18.223482999999998
2015-01-20,18.67,18.809998999999998,18.33,18.719998999999998,973200,18.233223000000002
2015-01-21,18.719998999999998,18.99,18.610001,18.780001000000002,649200,18.291664
2015-01-22,19.25,19.33,18.860001,19.129998999999998,1001700,18.632562
2015-01-23,19.08,19.209999,18.870001000000002,18.950001,697800,18.457244
2015-01-26,18.969998999999998,19.530001000000002,18.950001,19.35,1083700,18.846842000000002
2015-01-27,19.139999,19.309998999999998,19.049999,19.1,1120300,18.603343
2015-01-28,18.639999,19.07,18.52,18.719998999999998,991000,18.233223000000002
2015-01-29,18.75,19.379998999999998,18.75,19.32,1443800,18.817622
2015-01-30,19.18,19.379998999999998,18.940001000000002,19.02,1793500,18.525423
2015-02-02,19.02,19.209999,18.85,19.209999,1487000,18.710481
2015-02-03,19.15,19.6,19.15,19.6,1075100,19.090342
2015-02-04,19.59,19.75,18.92,18.93,1959100,18.437763
2015-02-05,19.48,21.4,19.02,21.24,4452800,20.687696
2015-02-06,21.559998999999998,22.0,21.43,21.879998999999998,3229300,21.311053
2015-02-09,21.91,22.43,21.85,22.15,2765700,21.574033
2015-02-10,22.18,22.25,21.93,21.940001000000002,2384500,21.369495
2015-02-11,21.959999,22.049999,21.879998999999998,21.950001,993000,21.379235
2015-02-12,21.92,22.34,21.92,22.030001000000002,877700,21.457155
2015-02-13,22.0,22.299999,21.959999,22.030001000000002,887400,21.457155
2015-02-17,22.129998999999998,22.450001,22.059998999999998,22.290001,870400,21.710394
2015-02-18,22.35,22.41,22.24,22.299999,410000,21.720132
2015-02-19,22.33,22.41,22.049999,22.08,411400,21.505854
2015-02-20,22.1,22.290001,21.99,22.23,559300,21.651953
2015-02-23,22.290001,22.540001,22.200001,22.450001,957300,21.866232999999998
2015-02-24,22.5,22.6,22.24,22.309998999999998,618500,21.729872
2015-02-25,22.290001,22.450001,22.26,22.41,276500,21.827273
2015-02-26,22.35,22.52,22.040001,22.18,411300,21.603254
2015-02-27,22.200001,22.639999,22.110001,22.6,559900,22.012332999999998
2015-03-02,22.639999,23.120001000000002,22.459999,23.040001,1039200,22.440892
2015-03-03,23.07,23.07,22.67,22.74,850800,22.148691
2015-03-04,22.719998999999998,22.969998999999998,22.639999,22.690001000000002,796800,22.099992
2015-03-05,22.9,23.15,22.76,23.059998999999998,976900,22.46037
2015-03-06,23.049999,23.18,22.43,22.549999,631300,21.963632
2015-03-09,22.59,23.209999,22.59,23.16,711900,22.55777
2015-03-10,22.969998999999998,22.969998999999998,22.18,22.18,1083800,21.603254
2015-03-11,22.18,22.209999,21.700001,22.02,848200,21.447414000000002
2015-03-12,22.18,22.51,22.09,22.48,714300,21.895452
2015-03-13,22.389999,22.389999,22.02,22.280001000000002,610200,21.700654
2015-03-16,22.280001000000002,22.43,22.1,22.389999,1054500,21.807792000000003
2015-03-17,22.25,22.969998999999998,22.25,22.959999,989400,22.36297
2015-03-18,23.02,23.52,22.860001,23.24,1023400,22.63569
2015-03-19,23.25,23.32,22.950001,23.129998999999998,639000,22.52855
2015-03-20,23.110001,23.68,23.09,23.639999,1055700,23.025288
2015-03-23,23.639999,24.5,23.57,24.42,1018600,23.785007
2015-03-24,24.370001000000002,24.709999,24.360001,24.48,843900,23.843446
2015-03-25,24.559998999999998,24.639999,24.32,24.370001000000002,931600,23.736307999999998
2015-03-26,23.860001,24.0,23.389999,23.959999,1761200,23.336967
2015-03-27,23.93,24.459999,23.809998999999998,24.32,1189400,23.687607
2015-03-30,24.360001,24.57,24.1,24.18,830300,23.551248
2015-03-31,24.02,24.379998999999998,24.0,24.27,445000,23.638907999999997
2015-04-01,24.290001,24.370001000000002,23.950001,24.209999,830200,23.580466
2015-04-02,23.75,23.99,23.27,23.77,1223200,23.151909
2015-04-06,23.540001,24.129998999999998,23.530001000000002,24.01,981700,23.385668
2015-04-07,24.15,24.15,23.620001000000002,23.629998999999998,587700,23.015548000000003
2015-04-08,23.700001,23.82,23.26,23.639999,1045300,23.025288
2015-04-09,23.639999,23.709999,23.290001,23.5,596100,22.888929
2015-04-10,23.58,23.66,23.27,23.33,561700,22.72335
2015-04-13,23.370001000000002,23.65,23.290001,23.52,791100,22.90841
2015-04-14,23.469998999999998,24.780001000000002,23.43,24.780001000000002,1165000,24.135645999999998
2015-04-15,24.76,25.129998999999998,24.59,24.969998999999998,1131100,24.320704
2015-04-16,25.01,25.49,24.809998999999998,25.059998999999998,760600,24.408364000000002
2015-04-17,24.92,25.120001000000002,24.799999,25.07,865900,24.418104
2015-04-20,25.25,25.76,25.16,25.200001,1384000,24.544725
2015-04-21,25.34,25.450001,25.08,25.16,1060900,24.505764000000003
2015-04-22,25.24,25.24,24.9,24.959999,619700,24.310964000000002
2015-04-23,24.9,25.18,24.83,25.0,862100,24.349925
2015-04-24,25.120001000000002,25.190001000000002,24.76,24.780001000000002,580800,24.135645999999998
2015-04-27,24.879998999999998,25.0,24.559998999999998,24.75,576600,24.106426000000003
2015-04-28,24.709999,24.76,24.440001000000002,24.5,518700,23.862926
2015-04-29,24.459999,24.52,24.209999,24.280001000000002,543400,23.648648
2015-04-30,24.25,24.25,23.780001000000002,23.91,1008800,23.288268
2015-05-01,24.01,24.540001,23.99,24.530001000000002,388200,23.892147
2015-05-04,24.65,24.799999,24.49,24.75,594000,24.106426000000003
2015-05-05,24.790001,24.83,24.5,24.65,873900,24.009026000000002
2015-05-06,24.75,24.790001,23.98,24.219998999999998,1221900,23.590207
2015-05-07,24.780001000000002,25.639999,24.67,24.68,2914700,24.038246
2015-05-08,25.0,25.129998999999998,23.790001,23.870001000000002,2758300,23.249309
2015-05-11,23.950001,24.049999,23.389999,23.690001000000002,2008100,23.073989
2015-05-12,23.620001000000002,23.790001,23.41,23.6,1522300,22.986329
2015-05-13,23.59,23.76,23.41,23.530001000000002,1016500,22.91815
2015-05-14,23.6,24.549999,23.27,23.940001000000002,2389400,23.317489000000002
2015-05-15,24.0,24.059998999999998,23.700001,23.709999,534600,23.093467999999998
2015-05-18,23.719998999999998,24.1,23.540001,24.07,1104500,23.444107000000002
2015-05-19,24.18,24.6,24.059998999999998,24.59,1197500,23.950585999999998
2015-05-20,24.559998999999998,24.67,24.219998999999998,24.450001,732000,23.814227
2015-05-21,24.389999,24.51,24.200001,24.370001000000002,537000,23.736307999999998
2015-05-22,24.299999,24.99,24.08,24.290001,769000,23.658388000000002
2015-05-26,24.389999,24.58,24.139999,24.559998999999998,1339400,23.921366
2015-05-27,24.66,24.99,24.5,24.870001000000002,859700,24.223306
2015-05-28,24.809998999999998,25.17,24.74,25.139999,841800,24.486284
2015-05-29,25.09,25.24,24.879998999999998,24.93,787700,24.281745
2015-06-01,25.42,25.5,24.690001000000002,25.219998999999998,1087200,24.564204
2015-06-02,25.120001000000002,25.790001,25.01,25.459999,2196800,24.797963
2015-06-03,25.49,25.700001,25.290001,25.68,877100,25.012242999999998
2015-06-04,25.559998999999998,25.889999,25.440001000000002,25.65,1019400,24.983023
2015-06-05,25.58,25.809998999999998,25.309998999999998,25.809998999999998,567200,25.138862
2015-06-08,25.75,25.91,25.450001,25.51,1054900,24.846664
2015-06-09,25.469998999999998,25.799999,25.469998999999998,25.74,842000,25.070682
2015-06-10,25.84,26.379998999999998,25.75,26.190001000000002,998500,25.508982
2015-06-11,26.219998999999998,26.25,25.870001000000002,25.92,639700,25.246002
2015-06-12,25.959999,26.299999,25.860001,26.27,1308600,25.586902
2015-06-15,26.17,26.299999,25.889999,26.049999,1412100,25.372621
2015-06-16,30.059998999999998,31.290001,29.370001000000002,31.08,10764400,30.271827000000002
2015-06-17,30.73,31.290001,30.139999,31.219998999999998,3769400,30.408185999999997
2015-06-18,31.299999,31.74,30.809998999999998,30.91,1875800,30.106246999999996
2015-06-19,30.91,31.950001,30.799999,31.66,3426800,30.836745
2015-06-22,31.75,31.879998999999998,31.23,31.440001000000002,2302600,30.622465999999996
2015-06-23,30.809998999999998,31.959999,30.639999,31.799999,3270700,30.973104
2015-06-24,31.83,32.080002,31.48,31.950001,1616800,31.119204999999997
2015-06-25,32.040001000000004,32.209998999999996,31.610001,32.130001,1509700,31.294525
2015-06-26,32.259997999999996,32.549999,32.119999,32.450001,1880600,31.606203000000004
2015-06-29,32.189999,32.439999,32.0,32.220001,1133400,31.382184000000002
2015-06-30,32.529999,32.619999,31.92,31.969998999999998,1898600,31.138683
2015-07-01,32.040001000000004,32.720001,31.889999,32.68,1189300,31.830221999999996
2015-07-02,32.669998,32.669998,32.099998,32.360001000000004,883400,31.518542999999998
2015-07-06,32.18,32.59,31.940001000000002,32.23,936500,31.391923
2015-07-07,32.32,32.32,31.76,32.139998999999996,974100,31.304263
2015-07-08,32.060001,32.310001,31.49,31.52,646900,30.700385999999998
2015-07-09,32.0,32.060001,28.26,30.040001,7428500,29.258871000000003
2015-07-10,29.67,29.879998999999998,28.540001,28.690001000000002,3110900,27.943974
2015-07-13,28.98,29.09,27.709999,27.969998999999998,4221700,27.242695
2015-07-14,28.24,28.530001000000002,27.719998999999998,27.870001000000002,2726300,27.145296999999996
2015-07-15,27.870001000000002,28.15,27.75,27.9,1715600,27.174515999999997
2015-07-16,27.99,28.07,27.51,27.6,1842500,26.882316999999997
2015-07-17,27.57,27.74,27.370001000000002,27.48,861600,26.765437
2015-07-20,27.450001,27.99,27.34,27.6,1049000,26.882316999999997
2015-07-21,27.65,27.709999,26.98,27.02,1548000,26.317398999999998
2015-07-22,27.059998999999998,27.549999,26.98,27.309998999999998,1382400,26.599857
2015-07-23,27.040001,27.65,27.040001,27.209999,1571200,26.502457
2015-07-24,27.33,27.360001,26.629998999999998,26.700001,1382100,26.005720999999998
2015-07-27,26.59,26.799999,26.440001000000002,26.51,914600,25.820660999999998
2015-07-28,26.51,26.83,26.43,26.59,803700,25.89858
2015-07-29,26.620001000000002,26.9,26.530001000000002,26.84,1253400,26.14208
2015-07-30,26.67,27.030001000000002,26.33,26.91,1288000,26.210259
2015-07-31,27.200001,27.219998999999998,26.59,26.73,1050900,26.034939
2015-08-03,26.719998999999998,27.01,26.540001,26.83,1065500,26.132339
2015-08-04,26.93,27.74,26.639999,27.49,1190500,26.775177000000003
2015-08-05,27.41,28.379998999999998,27.41,28.32,1287200,27.583595000000003
2015-08-06,28.41,28.41,27.66,27.98,1298400,27.252436
2015-08-07,27.889999,28.66,27.780001000000002,28.6,1709300,27.856314
2015-08-10,28.6,29.24,28.469998999999998,29.209999,1293000,28.450451
2015-08-11,29.0,29.73,28.790001,29.66,2317200,28.888751
2015-08-12,29.549999,29.629998999999998,28.23,28.719998999999998,1772900,27.973193
2015-08-13,28.809998999999998,31.25,28.51,30.469998999999998,2838700,29.677688
2015-08-14,30.42,30.5,28.82,29.610001,1997400,28.840052000000004
2015-08-17,29.52,29.530001000000002,29.01,29.280001000000002,881100,28.518633
2015-08-18,29.389999,29.860001,29.24,29.290001,811300,28.528373
2015-08-19,29.25,29.639999,28.82,29.049999,1168400,28.294612
2015-08-20,28.84,29.15,28.25,28.700001,1311400,27.953715000000003
2015-08-21,28.370001000000002,28.639999,28.219998999999998,28.299999,1652200,27.564114
2015-08-24,27.309998999999998,28.23,27.23,27.75,2026800,27.028416999999997
2015-08-25,28.0,28.74,27.26,27.629998999999998,2018400,26.911535999999998
2015-08-26,28.049999,28.41,27.67,28.32,1673800,27.583595000000003
2015-08-27,28.440001000000002,29.200001,28.27,28.91,1352500,28.158253000000002
2015-08-28,28.99,30.16,28.889999,30.139999,1601800,29.356269
2015-08-31,29.9,30.610001,29.6,30.309998999999998,1637100,29.521848
2015-09-01,28.43,29.23,28.030001000000002,28.35,2077200,27.612815
2015-09-02,28.59,29.030001000000002,28.139999,28.690001000000002,1933800,27.943974
2015-09-03,28.799999,29.379998999999998,28.73,28.860001,1782500,28.109554
2015-09-04,28.66,29.0,28.610001,28.790001,1111800,28.041373999999998
2015-09-08,29.219998999999998,29.309998999999998,28.469998999999998,28.73,1891300,27.982933000000003
2015-09-09,29.129998999999998,29.709999,28.83,28.889999,1715600,28.138772999999997
2015-09-10,28.84,28.959999,28.32,28.43,1917800,27.690734999999997
2015-09-11,28.41,29.48,28.07,29.370001000000002,1341900,28.606293
2015-09-14,28.52,28.66,27.540001,28.16,1869900,27.427754999999998
2015-09-15,27.780001000000002,28.92,27.75,28.75,1727800,28.002414
2015-09-16,28.82,28.99,28.290001,28.799999,1308600,28.051113
2015-09-17,28.860001,29.639999,28.809998999999998,29.219998999999998,1306800,28.460192
2015-09-18,28.91,28.91,28.18,28.309998999999998,1615500,27.573853999999997
2015-09-21,28.51,28.83,27.879998999999998,27.91,1223100,27.184256
2015-09-22,27.65,27.77,27.02,27.190001000000002,1764900,26.482978999999997
2015-09-23,27.27,27.629998999999998,27.09,27.139999,1435400,26.434278000000003
2015-09-24,27.049999,27.25,26.49,26.91,2081900,26.210259
2015-09-25,26.969998999999998,27.309998999999998,26.82,26.870001000000002,1628800,26.1713
2015-09-28,26.76,26.969998999999998,25.77,25.780001000000002,1794200,25.109643
2015-09-29,24.969998999999998,25.75,24.9,25.559998999999998,1763600,25.139148000000002
2015-09-30,26.059998999999998,27.110001,26.01,27.059998999999998,1642000,26.61445
2015-10-01,27.190001000000002,27.530001000000002,26.860001,27.459999,1603700,27.007863
2015-10-02,26.98,27.07,26.290001,26.889999,1639600,26.447249
2015-10-05,27.059998999999998,28.41,27.0,28.0,2246800,27.538973
2015-10-06,27.49,28.059998999999998,27.17,27.24,1592100,26.791486
2015-10-07,26.91,27.030001000000002,26.33,26.6,1685900,26.162025
2015-10-08,26.629998999999998,27.440001000000002,26.58,27.370001000000002,1173600,26.919347
2015-10-09,27.370001000000002,28.120001000000002,27.129998999999998,27.950001,1118200,27.489796999999996
2015-10-12,28.030001000000002,28.719998999999998,27.32,28.559998999999998,1099900,28.089752
2015-10-13,28.49,29.01,28.280001000000002,28.459999,1411100,27.991397999999997
2015-10-14,28.360001,28.700001,27.639999,27.690001000000002,1457600,27.234078000000004
2015-10-15,27.700001,28.34,27.17,28.290001,1400200,27.824199
2015-10-16,28.290001,28.870001000000002,28.200001,28.51,1304500,28.040576
2015-10-19,28.379998999999998,28.6,28.08,28.5,1181500,28.03074
2015-10-20,28.42,29.280001000000002,28.42,28.92,1222200,28.443825
2015-10-21,28.92,29.34,27.41,28.049999,1955800,27.588148999999998
2015-10-22,28.15,28.57,27.91,28.08,2261500,27.617656
2015-10-23,28.25,28.83,28.25,28.59,1608700,28.119259000000003
2015-10-26,28.530001000000002,28.969998999999998,28.389999,28.58,1640400,28.109423
2015-10-27,28.530001000000002,28.709999,27.99,28.4,1157100,27.932387
2015-10-28,28.48,29.16,28.190001000000002,28.719998999999998,1318100,28.247117
2015-10-29,28.65,29.18,28.5,28.940001000000002,1108000,28.463496000000003
2015-10-30,29.0,29.18,28.639999,28.950001,1258600,28.473332
2015-11-02,29.0,30.1,28.9,29.66,2034900,29.171640999999997
2015-11-03,29.48,30.25,29.24,29.610001,1822200,29.122465000000002
2015-11-04,29.360001,30.26,29.049999,29.950001,2324400,29.456867
2015-11-05,29.43,29.43,27.01,28.219998999999998,4773900,27.75535
2015-11-06,27.77,29.190001000000002,27.77,28.5,3657300,28.03074
2015-11-09,28.18,28.629998999999998,27.51,28.440001000000002,1645500,27.971728999999996
2015-11-10,28.389999,29.93,28.27,29.879998999999998,1819200,29.388018
2015-11-11,29.9,30.76,29.82,30.360001,1807000,29.860115999999998
2015-11-12,30.08,30.450001,29.15,29.18,1131000,28.699544
2015-11-13,29.08,29.190001000000002,28.6,28.67,942900,28.197940999999997
2015-11-16,28.0,28.17,26.75,27.57,2622900,27.116053000000004
2015-11-17,27.540001,27.540001,26.459999,26.5,2417900,26.063671
2015-11-18,26.690001000000002,27.01,26.08,26.98,1689400,26.535767
2015-11-19,27.07,27.5,26.57,26.82,1406800,26.378402
2015-11-20,26.950001,27.85,26.870001000000002,27.139999,1634600,26.693133000000003
2015-11-23,27.049999,28.139999,27.049999,27.93,1326500,27.470126
2015-11-24,27.940001000000002,28.549999,27.85,28.360001,1068600,27.893046000000002
2015-11-25,28.73,29.469998999999998,28.629998999999998,28.92,912400,28.443825
2015-11-27,28.99,29.139999,28.74,28.940001000000002,358300,28.463496000000003
2015-11-30,27.24,28.309998999999998,26.92,27.780001000000002,2220600,27.322596
2015-12-01,27.93,28.07,26.959999,27.85,1711200,27.391443
2015-12-02,27.809998999999998,28.190001000000002,27.34,27.41,1444900,26.958687
2015-12-03,27.370001000000002,27.530001000000002,26.35,26.67,1759900,26.230871999999998
2015-12-04,26.809998999999998,27.280001000000002,26.76,26.879998999999998,1520000,26.437413
2015-12-07,26.459999,27.77,26.459999,27.309998999999998,1592700,26.860334
2015-12-08,27.049999,27.700001,26.969998999999998,27.41,2039500,26.958687
2015-12-09,27.26,28.41,27.07,28.26,1418700,27.794691999999998
2015-12-10,28.34,28.48,27.709999,27.889999,809500,27.430784000000003
2015-12-11,27.540001,28.139999,26.57,26.709999,830100,26.270212
2015-12-14,27.0,27.34,26.459999,26.6,789800,26.162025
2015-12-15,26.940001000000002,27.42,26.780001000000002,27.32,797400,26.870169
2015-12-16,27.34,28.040001,27.32,27.860001,1320400,27.401279
2015-12-17,28.049999,28.059998999999998,27.530001000000002,27.549999,500600,27.096382000000002
2015-12-18,27.540001,27.6,26.639999,26.809998999999998,2166000,26.368565999999998
2015-12-21,27.24,27.379998999999998,26.690001000000002,26.98,648000,26.535767
2015-12-22,27.15,27.15,26.17,26.299999,1228500,25.866963000000002
2015-12-23,26.4,27.02,26.34,26.469998999999998,751500,26.034164
2015-12-24,26.4,26.700001,26.299999,26.4,295000,25.965317000000002
2015-12-28,26.299999,27.280001000000002,25.91,25.969998999999998,913700,25.542397
2015-12-29,25.959999,26.200001,25.66,25.879998999999998,1261700,25.453879
2015-12-30,25.77,26.049999,25.17,25.440001000000002,1250900,25.021125
2015-12-31,25.24,26.040001,25.24,25.629998999999998,775100,25.207995
2016-01-04,25.219998999999998,25.459999,24.57,24.950001,1167000,24.539193
2016-01-05,24.870001000000002,25.49,24.200001,24.940001000000002,1295100,24.529357
2016-01-06,24.58,24.73,23.969998999999998,24.17,1258200,23.772035
2016-01-07,23.690001000000002,23.969998999999998,23.360001,23.469998999999998,656800,23.083560000000002
2016-01-08,23.68,23.709999,23.33,23.43,763500,23.044220000000003
2016-01-11,23.25,23.620001000000002,21.9,22.75,1836500,22.375416
2016-01-12,23.07,23.309998999999998,21.85,23.15,1818600,22.768829
2016-01-13,22.959999,23.049999,22.25,22.57,2349500,22.198379
2016-01-14,22.549999,22.82,22.0,22.139999,1343200,21.775458999999998
2016-01-15,21.799999,22.15,21.48,21.790001,1874600,21.431223000000003
2016-01-19,22.450001,22.700001,21.73,21.950001,1611600,21.588589000000002
2016-01-20,21.76,23.219998999999998,21.6,22.950001,2348500,22.572123
2016-01-21,23.139999,23.540001,22.07,22.450001,1138800,22.080356
2016-01-22,22.77,23.290001,22.360001,22.9,889900,22.522945
2016-01-25,22.75,23.26,22.08,22.450001,1903200,22.080356
2016-01-26,22.9,23.389999,22.469998999999998,23.16,1027400,22.778665
2016-01-27,23.110001,23.67,22.870001000000002,23.219998999999998,1003800,22.837676000000002
2016-01-28,23.450001,23.65,23.120001000000002,23.450001,832000,23.063891
2016-01-29,23.459999,24.74,23.389999,24.610001,2001900,24.204791
2016-02-01,24.52,24.77,24.059998999999998,24.309998999999998,1793100,23.909729000000002
2016-02-02,23.959999,25.110001,23.959999,24.709999,1511100,24.303143
2016-02-03,24.620001000000002,24.85,23.889999,24.610001,1457900,24.204791
2016-02-04,27.57,28.84,26.01,28.360001,3981200,27.893046000000002
2016-02-05,28.360001,28.360001,27.309998999999998,28.049999,2935400,27.588148999999998
2016-02-08,27.620001000000002,27.92,26.17,26.690001000000002,2721700,26.250543
2016-02-09,26.49,27.719998999999998,26.129998999999998,27.41,2540200,26.958687
2016-02-10,27.360001,27.77,26.92,27.030001000000002,1410200,26.584945
2016-02-11,26.58,27.0,25.9,26.75,1155800,26.309555
2016-02-12,26.790001,27.1,26.23,26.48,785700,26.044
2016-02-16,26.6,27.129998999999998,26.42,27.0,680100,26.555438
2016-02-17,27.01,29.02,27.01,28.969998999999998,2463200,28.493001
2016-02-18,29.0,29.469998999999998,28.200001,28.889999,1572200,28.414317999999998
2016-02-19,28.629998999999998,29.049999,28.059998999999998,28.84,451300,28.365142
2016-02-22,28.940001000000002,29.27,28.58,28.809998999999998,984800,28.335635999999997
2016-02-23,28.860001,28.860001,28.0,28.73,913700,28.256953000000003
2016-02-24,28.700001,29.41,28.26,29.41,801400,28.925757
2016-02-25,29.08,29.5,28.57,29.469998999999998,1058700,28.984769
2016-02-26,29.52,29.59,28.610001,28.91,591300,28.43399
2016-02-29,28.67,29.110001,28.209999,28.48,807000,28.011069
2016-03-01,28.76,29.01,28.129998999999998,28.440001000000002,954700,27.971728999999996
2016-03-02,28.469998999999998,29.0,28.360001,28.92,857200,28.443825
2016-03-03,28.93,29.139999,27.91,28.110001,1099400,27.647163
2016-03-04,28.190001000000002,28.68,27.219998999999998,27.620001000000002,1173900,27.165231
2016-03-07,27.610001,27.73,26.76,27.440001000000002,1052200,26.988194
2016-03-08,27.32,27.780001000000002,27.16,27.639999,850900,27.1849
2016-03-09,27.690001000000002,27.799999,27.16,27.34,1181100,26.889840000000003
2016-03-10,27.34,27.709999,26.6,27.6,1150500,27.145559999999996
2016-03-11,27.52,27.799999,27.25,27.52,743600,27.066877
2016-03-14,27.5,27.92,27.17,27.200001,712500,26.752146000000003
2016-03-15,27.030001000000002,27.35,26.52,26.99,916900,26.545603000000003
2016-03-16,26.75,27.049999,26.540001,26.940001000000002,1823300,26.496427
2016-03-17,26.98,27.440001000000002,26.57,27.190001000000002,921600,26.742309999999996
2016-03-18,27.209999,28.290001,27.08,27.950001,1845200,27.489796999999996
2016-03-21,27.77,28.049999,27.0,27.01,981900,26.565274
2016-03-22,27.01,27.01,26.43,26.709999,650200,26.270212
2016-03-23,26.73,26.93,26.35,26.469998999999998,372100,26.034164
2016-03-24,26.4,26.700001,26.18,26.690001000000002,739300,26.250543
2016-03-28,26.870001000000002,27.219998999999998,26.690001000000002,27.129998999999998,728000,26.683296999999996
2016-03-29,27.049999,27.709999,26.66,27.48,960700,27.027534999999997
2016-03-30,27.49,27.82,27.32,27.66,745300,27.204571
2016-03-31,27.49,27.870001000000002,27.18,27.83,1197000,27.371771999999996
2016-04-01,27.83,29.030001000000002,27.59,29.0,1714100,28.522508000000002
2016-04-04,29.01,29.17,28.280001000000002,28.790001,975600,28.315965999999996
2016-04-05,28.49,28.67,28.23,28.389999,728400,27.922551000000002
2016-04-06,28.540001,29.120001000000002,28.139999,29.030001000000002,865500,28.552015
2016-04-07,28.809998999999998,29.059998999999998,28.5,28.91,706400,28.43399
2016-04-08,28.98,29.15,28.629998999999998,28.950001,935200,28.473332
2016-04-11,28.83,29.200001,28.440001000000002,28.49,907000,28.020905
2016-04-12,28.52,29.209999,28.200001,29.18,583300,28.699544
2016-04-13,29.65,29.950001,29.360001,29.809998999999998,781800,29.31917
2016-04-14,29.85,30.59,29.43,29.58,1492300,29.092958000000003
2016-04-15,29.719998999999998,30.66,29.58,30.59,2410500,30.086328
2016-04-18,29.690001000000002,30.450001,29.6,30.370001000000002,1298700,29.869951
2016-04-19,30.360001,30.59,29.9,30.0,693200,29.506043
2016-04-20,30.02,30.08,29.719998999999998,29.959999,490200,29.4667
2016-04-21,29.84,30.17,29.6,29.700001,844700,29.210983000000002
2016-04-22,29.5,29.73,28.559998999999998,29.51,1086800,29.024110999999998
2016-04-25,29.23,30.01,29.059998999999998,29.799999,1011500,29.309334999999997
2016-04-26,29.940001000000002,29.940001000000002,29.41,29.629998999999998,642000,29.142134000000002
2016-04-27,29.66,30.110001,28.879998999999998,29.98,883500,29.486371000000002
2016-04-28,29.959999,30.25,29.879998999999998,30.030001000000002,1192100,29.535549
2016-04-29,29.860001,30.6,29.790001,30.4,824900,29.899456
2016-05-02,30.790001,31.6,30.200001,31.059998999999998,2193600,30.548589
2016-05-03,30.52,30.700001,28.200001,28.35,3612600,27.883211
2016-05-04,28.0,28.459999,27.07,27.280001000000002,2152000,26.830828999999998
2016-05-05,27.15,27.42,26.799999,26.99,1750700,26.545603000000003
2016-05-06,26.780001000000002,27.34,26.73,26.860001,1693500,26.417744
2016-05-09,26.860001,26.98,26.41,26.6,673200,26.162025
2016-05-10,26.719998999999998,26.959999,26.51,26.950001,1524100,26.506262
2016-05-11,26.84,26.870001000000002,26.08,26.200001,864300,25.768611
2016-05-12,26.219998999999998,27.190001000000002,25.459999,25.870001000000002,1668900,25.444045000000003
2016-05-13,25.780001000000002,26.17,25.299999,25.5,644600,25.080136
2016-05-16,25.41,25.719998999999998,25.25,25.49,651300,25.070301
2016-05-17,25.49,26.280001000000002,25.4,26.0,2093700,25.571904
2016-05-18,25.91,26.07,25.24,25.290001,684900,24.873595
2016-05-19,25.4,25.450001,25.02,25.129998999999998,647200,24.716228
2016-05-20,25.299999,25.299999,24.82,25.209999,1825700,24.79491
2016-05-23,25.17,25.940001000000002,24.9,25.780001000000002,947700,25.355527
2016-05-24,25.780001000000002,26.379998999999998,25.780001000000002,26.059998999999998,572200,25.630914999999998
2016-05-25,26.190001000000002,26.309998999999998,25.690001000000002,25.75,945500,25.32602
2016-05-26,25.98,26.360001,25.76,26.1,792500,25.670257
2016-05-27,26.24,26.360001,25.809998999999998,26.26,634200,25.827623000000003
2016-05-31,26.639999,26.84,26.040001,26.34,1293500,25.906306
2016-06-01,26.32,26.719998999999998,26.129998999999998,26.59,722800,26.152189
2016-06-02,26.629998999999998,27.0,26.440001000000002,26.83,594100,26.388237
2016-06-03,26.639999,26.790001,26.190001000000002,26.27,695000,25.837457999999998
2016-06-06,26.43,26.879998999999998,26.139999,26.84,1502800,26.398072999999997
2016-06-07,26.299999,26.860001,26.299999,26.360001,809000,25.925977
2016-06-08,26.459999,26.459999,26.139999,26.309998999999998,752700,25.876799
2016-06-09,26.200001,26.75,26.030001000000002,26.719998999999998,715100,26.280047999999997
2016-06-10,26.43,26.99,26.290001,26.889999,1776400,26.447249
2016-06-13,26.940001000000002,27.07,26.1,26.360001,1415800,25.925977
2016-06-14,26.18,26.52,26.02,26.51,664400,26.073507
2016-06-15,26.5,26.85,26.299999,26.4,1143300,25.965317000000002
2016-06-16,26.35,26.700001,26.190001000000002,26.25,1181600,25.817787
2016-06-17,26.309998999999998,26.65,26.08,26.25,1604500,25.817787
2016-06-20,26.32,26.780001000000002,26.309998999999998,26.33,582200,25.89647
2016-06-21,26.299999,26.84,26.24,26.370001000000002,941700,25.935812
2016-06-22,26.469998999999998,26.82,26.290001,26.51,662800,26.073507
2016-06-23,26.559998999999998,26.860001,26.49,26.73,591500,26.289884000000004
2016-06-24,26.120001000000002,26.389999,25.23,25.360001,2872000,24.942442
2016-06-27,25.26,25.549999,24.74,25.34,1430500,24.922771
2016-06-28,25.540001,25.77,25.110001,25.35,814000,24.932606
2016-06-29,25.370001000000002,26.139999,25.35,25.709999,563300,25.286678
2016-06-30,25.610001,26.040001,25.379998999999998,25.99,1108400,25.562068
2016-07-01,26.34,26.549999,26.02,26.219998999999998,814700,25.788281
2016-07-05,25.950001,26.639999,25.73,26.18,646800,25.74894
2016-07-06,26.18,26.32,25.809998999999998,26.200001,1128100,25.768611
2016-07-07,26.379998999999998,26.5,26.08,26.440001000000002,740900,26.004659
2016-07-08,26.540001,27.27,26.33,27.139999,997100,26.693133000000003
2016-07-11,26.950001,27.25,26.92,27.09,475600,26.643957
2016-07-12,27.01,27.299999,26.950001,27.219998999999998,805900,26.771815000000004
2016-07-13,27.360001,27.450001,27.1,27.27,530000,26.820992999999998
2016-07-14,27.27,27.58,27.25,27.41,880800,26.958687
2016-07-15,27.309998999999998,27.780001000000002,27.200001,27.6,972800,27.145559999999996
2016-07-18,27.709999,27.98,27.549999,27.700001,696000,27.243913
2016-07-19,27.5,27.6,27.200001,27.299999,394300,26.850497999999998
2016-07-20,27.09,27.35,27.01,27.129998999999998,446100,26.683296999999996
2016-07-21,27.0,27.139999,26.6,26.620001000000002,699700,26.181696
2016-07-22,26.610001,26.780001000000002,26.33,26.6,598400,26.162025
2016-07-25,26.719998999999998,26.959999,26.530001000000002,26.700001,469800,26.260378999999997
2016-07-26,26.76,27.110001,26.68,27.059998999999998,352600,26.61445
2016-07-27,26.98,27.120001000000002,26.58,26.76,319600,26.319390000000002
2016-07-28,26.77,26.85,26.540001,26.6,456500,26.162025
2016-07-29,26.57,26.940001000000002,26.52,26.870001000000002,492200,26.42758
2016-08-01,27.09,28.0,26.690001000000002,26.91,667500,26.466920000000002
2016-08-02,26.940001000000002,27.32,26.74,26.860001,463300,26.417744
2016-08-03,26.85,27.139999,26.27,27.09,411400,26.643957
2016-08-04,27.379998999999998,27.790001,27.110001,27.190001000000002,942800,26.742309999999996
2016-08-05,27.32,27.73,27.32,27.639999,967800,27.1849
2016-08-08,27.65,28.58,27.610001,28.01,1084900,27.548809000000002
2016-08-09,28.07,28.16,27.65,27.65,1124400,27.464378999999997
2016-08-10,27.75,28.280001000000002,27.65,27.99,793200,27.802096999999996
2016-08-11,27.959999,29.09,27.91,28.950001,992600,28.755653000000002
2016-08-12,29.0,29.59,28.74,28.969998999999998,1561500,28.775517999999998
2016-08-15,28.84,30.129998999999998,28.74,29.75,1526300,29.550282
2016-08-16,29.959999,30.110001,27.18,28.280001000000002,2793500,28.090151000000002
2016-08-17,28.33,28.780001000000002,27.09,27.709999,2398600,27.523976
2016-08-18,27.5,28.84,27.5,28.58,1741500,28.388136
2016-08-19,28.559998999999998,28.99,28.540001,28.67,1715500,28.477532
2016-08-22,28.75,29.299999,28.75,28.91,997600,28.715921
2016-08-23,28.91,29.0,28.18,28.24,813100,28.050419
2016-08-24,28.26,28.4,27.75,27.809998999999998,714100,27.623305
2016-08-25,28.33,28.860001,27.469998999999998,27.639999,1322700,27.454446
2016-08-26,27.73,27.790001,26.73,27.530001000000002,1522100,27.345185999999998
2016-08-29,27.040001,27.98,26.950001,27.450001,779100,27.265722999999998
2016-08-30,27.700001,27.84,27.07,27.27,1027900,27.086931
2016-08-31,27.290001,27.309998999999998,26.860001,26.950001,1018300,26.76908
2016-09-01,26.639999,26.799999,25.549999,25.709999,3146800,25.537402
2016-09-02,25.99,26.6,25.08,26.43,3146700,26.252570000000002
2016-09-06,26.629998999999998,26.629998999999998,25.75,25.879998999999998,2724800,25.706260999999998
2016-09-07,25.959999,26.0,24.870001000000002,25.1,3614800,24.931499
2016-09-08,25.33,25.33,24.49,24.780001000000002,4134300,24.613647
2016-09-09,24.67,24.67,24.17,24.25,3614800,24.087204999999997
2016-09-12,24.690001000000002,24.719998999999998,24.1,24.549999,3643500,24.385189999999998
2016-09-13,24.32,24.5,24.01,24.139999,5380100,23.977942000000002
2016-09-14,24.059998999999998,24.290001,23.950001,24.09,8344300,23.928279
2016-09-15,24.09,24.370001000000002,24.09,24.33,8303900,24.166667
2016-09-16,24.23,24.51,24.190001000000002,24.48,11301800,24.31566
2016-09-19,24.809998999999998,24.889999,23.889999,24.02,12429500,23.858749
2016-09-20,23.98,24.24,23.83,24.09,20271000,23.928279
2016-09-21,24.1,24.24,23.57,23.85,22293300,23.68989
2016-09-22,23.85,23.98,23.459999,23.73,18809100,23.570695
2016-09-23,23.83,24.0,23.379998999999998,23.389999,14852600,23.232976999999998
2016-09-26,23.75,23.809998999999998,23.059998999999998,23.57,18679900,23.411769
2016-09-27,23.58,23.85,23.309998999999998,23.450001,19458800,23.292576
2016-09-28,23.940001000000002,24.0,23.549999,23.82,39976800,23.660091
2016-09-29,23.9,23.950001,23.08,23.08,22324100,22.925059
2016-09-30,23.43,23.76,23.120001000000002,23.5,68491900,23.34224
2016-10-03,23.790001,24.02,23.41,23.790001,23433300,23.630294
2016-10-04,24.0,24.120001000000002,23.790001,23.98,28390600,23.819017000000002
2016-10-05,24.040001,25.1,24.030001000000002,25.1,59087000,24.931499
2016-10-06,25.0,25.34,24.68,24.76,23336600,24.593781
2016-10-07,24.74,24.74,23.5,23.610001,86269300,23.451501999999998
2016-10-10,23.57,23.620001000000002,22.790001,22.91,30830700,22.7562
2016-10-11,22.92,23.059998999999998,22.639999,22.959999,16986500,22.805864
2016-10-12,23.0,23.51,22.93,23.370001000000002,16445600,23.213113
2016-10-13,23.280001000000002,23.700001,23.23,23.48,17056300,23.322373000000002
2016-10-14,23.530001000000002,23.74,23.23,23.34,9866500,23.183314000000003
2016-10-17,23.450001,23.58,23.309998999999998,23.389999,10335500,23.232976999999998
2016-10-18,23.639999,23.639999,23.07,23.43,8434600,23.27271
2016-10-19,23.360001,23.59,23.209999,23.549999,11421900,23.391903
2016-10-20,23.540001,23.67,23.290001,23.379998999999998,10010000,23.223044
2016-10-21,23.299999,23.32,22.77,23.0,10782500,22.845596
2016-10-24,22.99,23.120001000000002,22.540001,22.76,10130900,22.607208
2016-10-25,22.790001,23.139999,22.690001000000002,23.110001,8189000,22.954857999999998
2016-10-26,23.1,23.24,22.74,22.93,5821900,22.776066
2016-10-27,23.0,23.0,22.51,22.719998999999998,7973600,22.567475
2016-10-28,22.780001000000002,23.07,22.73,22.9,4914500,22.746267
2016-10-31,22.9,23.02,22.73,22.99,6043700,22.835663
2016-11-01,23.110001,23.110001,22.219998999999998,22.43,7877100,22.279423
2016-11-02,22.42,22.42,22.09,22.25,11321500,22.100631
2016-11-03,22.23,22.459999,22.18,22.35,6759100,22.19996
2016-11-04,22.309998999999998,22.32,21.799999,21.889999,7192100,21.743047
2016-11-07,22.01,22.32,21.889999,22.209999,6975900,22.060899
2016-11-08,22.209999,22.27,21.84,21.889999,11109500,21.743047
2016-11-09,19.379998999999998,19.9,18.48,19.65,25743200,19.518085
2016-11-10,19.940001000000002,19.969998999999998,18.459999,18.549999,16364900,18.425469
2016-11-11,18.459999,19.290001,18.280001000000002,18.66,11367100,18.534731
2016-11-14,18.84,18.84,18.040001,18.24,12129000,18.117551000000002
2016-11-15,18.25,18.370001000000002,18.01,18.26,6572900,18.137417000000003
2016-11-16,18.17,18.389999,17.969998999999998,18.35,5697100,18.226813
2016-11-17,18.440001000000002,18.66,18.290001,18.6,5341900,18.475135
2016-11-18,18.9,18.969998999999998,18.59,18.75,6608400,18.624126999999998
2016-11-21,18.75,19.73,18.75,19.450001,9497800,19.319429
2016-11-22,19.450001,19.74,19.23,19.709999,7520800,19.577682
2016-11-23,19.73,19.959999,19.530001000000002,19.82,5808700,19.686944
2016-11-25,19.969998999999998,19.99,19.6,19.879998999999998,2021800,19.746541
2016-11-28,20.01,20.01,19.73,19.75,8169700,19.617414
2016-11-29,19.77,19.82,19.49,19.549999,7660800,19.418756
2016-11-30,19.67,19.73,18.59,18.709999,8449600,18.584395
2016-12-01,18.870001000000002,18.950001,18.01,18.08,7810300,17.958625
2016-12-02,18.09,18.450001,17.940001000000002,18.09,9427800,17.968557999999998
2016-12-05,18.209999,18.65,18.190001000000002,18.530001000000002,6693700,18.405604999999998
2016-12-06,18.610001,18.879998999999998,18.5,18.780001000000002,6080900,18.653927
2016-12-07,18.799999,19.07,18.559998999999998,18.780001000000002,7952300,18.653927
2016-12-08,18.879998999999998,19.23,18.719998999999998,19.07,9831000,18.941979
2016-12-09,19.17,19.370001000000002,19.01,19.16,12847500,19.031375
2016-12-12,19.190001000000002,19.25,18.559998999999998,18.59,5449400,18.465201999999998
2016-12-13,18.6,18.959999,18.559998999999998,18.860001,6942600,18.733389000000003
2016-12-14,18.92,18.940001000000002,18.530001000000002,18.620001000000002,7081800,18.495001000000002
2016-12-15,18.459999,18.559998999999998,18.139999,18.35,4983700,18.35
2016-12-16,18.540001,18.799999,18.440001000000002,18.690001000000002,10889500,18.690001000000002
2016-12-19,18.77,19.120001000000002,18.610001,18.76,4191600,18.76
2016-12-20,18.790001,18.969998999999998,18.4,18.67,4310700,18.67
2016-12-21,18.73,18.91,18.66,18.76,4488200,18.76
2016-12-22,18.77,18.83,18.58,18.73,6049700,18.73
2016-12-23,18.700001,18.889999,18.65,18.67,2374800,18.67
2016-12-27,18.709999,18.969998999999998,18.639999,18.76,2993300,18.76
2016-12-28,18.790001,18.790001,18.43,18.49,2778900,18.49
2016-12-29,18.459999,18.540001,18.35,18.41,2510900,18.41
2016-12-30,18.5,18.52,18.219998999999998,18.309998999999998,3631500,18.309998999999998
